-9.659429080784320831e-03 1.267671026289463043e-02 4.368286430835723877e-01 1.143706798553466797e+00 -5.903579592704772949e-01 -1.137809514999389648e+00
-9.538802318274974823e-03 3.807357698678970337e-02 3.866482079029083252e-01 9.194461703300476074e-01 -6.324481964111328125e-01 -1.296447157859802246e+00
-8.350444957613945007e-03 4.880132153630256653e-02 3.435606062412261963e-01 6.877430081367492676e-01 -6.294278502464294434e-01 -1.499109268188476562e+00
-1.079765427857637405e-02 4.933645576238632202e-02 3.112313151359558105e-01 4.778375029563903809e-01 -5.759283304214477539e-01 -1.718262672424316406e+00
-1.846567355096340179e-02 4.514158144593238831e-02 2.923192977905273438e-01 3.150929212570190430e-01 -4.782986938953399658e-01 -1.931537151336669922e+00
-2.989558689296245575e-02 4.109053686261177063e-02 2.883468866348266602e-01 2.109061330556869507e-01 -3.505889475345611572e-01 -2.132315635681152344e+00
-4.133359715342521667e-02 4.012706503272056580e-02 2.996454834938049316e-01 1.660992950201034546e-01 -2.092285901308059692e-01 -2.326461553573608398e+00
-4.799359664320945740e-02 4.241033643484115601e-02 3.253721296787261963e-01 1.778183877468109131e-01 -7.069757580757141113e-02 -2.524634838104248047e+00
-4.556071013212203979e-02 4.512170329689979553e-02 3.635979592800140381e-01 2.423883974552154541e-01 4.852824285626411438e-02 -2.736670732498168945e+00
-3.163766115903854370e-02 4.296875372529029846e-02 4.114575088024139404e-01 3.537304103374481201e-01 1.320410519838333130e-01 -2.967356204986572266e+00
